100 200
u0 2 1 2 2 5
u1 2 2 18 3 15
u2 2 3 2 4 -17
u3 2 4 3 5 2
u4 2 5 2 6 7
u5 2 6 16 7 6
u6 2 7 12 8 19
u7 2 8 1 9 15
u8 2 9 9 10 7
u9 2 10 6 11 11
u10 2 11 1 12 16
u11 2 12 17 13 14
u12 2 13 1 14 18
u13 2 14 4 15 7
u14 2 15 19 16 19
u15 2 16 4 17 1
u16 2 17 -14 18 9
u17 2 18 9 19 15
u18 2 19 11 20 11
u19 2 20 15 21 8
u20 2 21 9 22 16
u21 2 22 7 23 12
u22 2 23 6 24 4
u23 2 24 11 25 9
u24 2 25 8 26 13
u25 2 26 18 27 15
u26 2 27 1 28 19
u27 2 28 10 29 4
u28 2 29 3 30 4
u29 2 30 11 31 12
u30 2 31 1 32 17
u31 2 32 15 33 3
u32 2 33 15 34 4
u33 2 34 17 35 10
u34 2 35 14 36 4
u35 2 36 13 37 2
u36 2 37 6 38 8
u37 2 38 7 39 17
u38 2 39 6 40 4
u39 2 40 11 41 14
u40 2 41 4 42 17
u41 2 42 14 43 13
u42 2 43 14 44 10
u43 2 44 12 45 5
u44 2 45 14 46 6
u45 2 46 8 47 5
u46 2 47 15 48 11
u47 2 48 20 49 19
u48 2 49 -2 50 14
u49 2 50 18 51 8
u50 2 51 14 52 12
u51 2 52 15 53 14
u52 2 53 8 54 7
u53 2 54 12 55 16
u54 2 55 3 56 -7
u55 2 56 16 57 10
u56 2 57 13 58 1
u57 2 58 12 59 11
u58 2 59 17 60 20
u59 2 60 7 61 1
u60 2 61 -7 62 3
u61 2 62 6 63 16
u62 2 63 11 64 11
u63 2 64 17 65 11
u64 2 65 2 66 15
u65 2 66 20 67 9
u66 2 67 11 68 12
u67 2 68 19 69 14
u68 2 69 15 70 5
u69 2 70 3 71 8
u70 2 71 2 72 1
u71 2 72 11 73 18
u72 2 73 16 74 8
u73 2 74 3 75 16
u74 2 75 20 76 13
u75 2 76 12 77 20
u76 2 77 1 78 15
u77 2 78 18 79 19
u78 2 79 12 80 15
u79 2 80 20 81 14
u80 2 81 19 82 4
u81 2 82 20 83 10
u82 2 83 17 84 2
u83 2 84 5 85 1
u84 2 85 12 86 3
u85 2 86 15 87 6
u86 2 87 5 88 15
u87 2 88 14 89 17
u88 2 89 20 90 19
u89 2 90 3 91 16
u90 2 91 1 92 1
u91 2 92 10 93 19
u92 2 93 4 94 10
u93 2 94 10 95 5
u94 2 95 6 96 7
u95 2 96 13 97 9
u96 2 97 2 98 16
u97 2 98 13 99 2
u98 2 99 17 0 4
u99 2 0 -15 1 3
SOURCE 0
