100 300
0 5 1 89 3 38 4 95 80 51 85 13
1 13 0 89 2 49 5 85 9 94 23 11 85 63 4 76 96 60 24 38 48 41 38 18 90 64 66 56
2 8 1 49 7 88 15 51 28 27 33 63 88 19 64 36 66 18
3 5 0 38 96 40 59 73 11 88 71 13
4 8 0 95 37 57 73 48 58 64 1 76 54 98 17 53 44 9
5 8 1 85 6 41 13 26 35 94 57 15 55 65 39 35 83 16
6 6 5 41 8 62 10 96 28 31 79 27 29 95
7 11 2 88 11 92 29 20 46 3 40 72 36 56 45 91 32 3 58 83 47 14 59 79
8 6 6 62 16 27 82 37 14 58 15 78 42 31
9 5 1 94 14 24 18 35 19 69 12 41
10 4 6 96 57 52 23 30 59 16
11 7 7 92 12 19 36 66 21 55 63 29 57 21 3 88
12 6 11 19 20 83 95 65 97 77 13 98 9 41
13 4 5 26 27 26 55 12 12 98
14 9 9 24 30 8 61 87 8 58 43 50 72 38 49 9 42 92 97 15
15 7 2 51 17 70 22 66 54 75 8 78 52 15 88 60
16 9 8 27 24 7 48 34 67 37 68 76 85 43 91 82 93 32 23 43
17 13 15 70 21 18 31 65 39 42 95 68 75 38 23 66 41 93 60 5 38 83 4 53 44 11 19 54
18 5 9 35 71 19 80 29 41 92 97 81
19 4 9 69 80 1 91 59 17 54
20 5 12 83 44 1 34 49 46 68 90 22
21 11 17 18 25 30 26 99 32 20 65 7 11 55 47 89 63 63 92 51 35 34 70 58
22 4 15 66 52 30 88 25 70 2
23 6 1 11 78 97 17 66 16 43 10 30 97 32
24 5 16 7 69 60 81 13 89 78 1 38
25 4 21 30 35 6 44 93 64 72
26 4 21 99 40 100 97 44 53 5
27 6 13 26 34 34 76 77 50 44 98 81 44 76
28 5 2 27 43 32 53 19 6 31 92 14
29 7 7 20 63 87 79 44 96 76 35 38 72 89 6 95
30 7 14 8 38 35 47 22 93 47 85 95 48 11 90 22
31 6 17 65 89 35 55 71 86 35 95 51 63 40
32 6 21 20 86 27 78 30 61 99 90 70 7 3
33 4 2 63 62 70 48 99 86 14
34 7 27 34 42 76 50 30 69 8 62 47 20 49 94 22
35 12 5 94 41 46 45 3 49 88 92 55 25 6 21 34 85 40 51 24 29 38 46 12 38 68
36 5 11 66 98 73 7 56 71 11 39 21
37 5 4 57 67 56 66 72 63 87 71 92
38 6 30 35 77 3 55 57 17 83 1 18 35 68
39 8 17 42 59 45 50 60 99 57 36 21 78 3 61 75 5 35
40 4 26 100 7 72 81 84 41 72
41 5 35 46 17 93 18 92 40 72 63 45
42 6 34 76 84 20 80 77 67 88 14 92 8 31
43 7 28 32 51 1 97 41 14 50 91 61 96 24 78 42
44 14 20 1 58 89 78 99 80 70 52 99 25 93 27 76 45 66 87 63 54 90 4 9 98 77 17 11 72 88
45 6 35 3 99 66 7 91 51 82 54 49 44 66
46 5 7 3 56 53 94 78 20 68 35 12
47 5 30 22 64 100 68 89 21 89 7 14
48 6 16 34 83 3 73 44 33 99 1 41 30 11
49 4 35 88 70 9 65 58 14 9
50 8 34 30 60 33 66 71 86 67 39 60 67 26 27 44 74 18
51 6 43 1 71 78 35 24 68 83 45 82 65 3
52 6 22 30 93 78 44 99 56 62 15 15 74 18
53 4 28 19 61 34 70 44 26 5
54 6 15 75 87 55 4 98 45 49 44 90 92 69
55 6 13 12 38 57 88 67 5 65 31 71 92 71
56 4 46 53 83 39 89 85 52 62
57 7 5 15 79 85 10 52 71 74 62 88 11 21 98 48
58 4 44 89 90 84 4 64 7 83
59 5 39 45 74 4 3 73 10 16 7 79
60 9 50 33 68 67 93 25 99 92 17 5 82 84 73 4 74 55 89 59
61 4 53 34 14 87 32 99 39 75
62 7 33 70 76 99 94 51 34 47 57 88 81 60 82 27
63 9 29 87 11 29 70 27 21 63 95 34 37 87 91 78 31 40 41 45
64 3 47 100 2 36 25 72
65 6 21 7 49 58 80 77 51 3 97 63 84 7
66 7 50 71 37 72 79 14 2 18 67 63 75 61 1 56
67 7 16 37 72 90 50 26 37 56 42 88 71 44 66 63
68 7 16 76 47 89 60 67 69 28 73 69 51 83 87 27
69 3 24 60 34 8 68 28
70 6 49 9 63 27 78 45 21 58 22 2 53 44
71 8 51 78 57 74 18 19 36 11 67 44 3 13 81 47 37 92
72 6 67 90 14 38 29 89 77 40 44 88 98 47
73 5 4 48 97 85 60 4 68 69 48 44
74 6 59 4 75 91 88 72 60 55 50 18 52 18
75 3 74 91 17 38 66 61
76 3 62 99 27 77 96 81
77 3 38 3 72 40 81 40
78 6 44 99 23 97 32 30 70 45 39 3 43 42
79 5 29 44 57 85 6 27 66 14 89 85
80 8 44 70 18 29 65 77 42 77 81 92 86 53 19 1 0 51
81 6 24 13 80 92 40 84 62 60 71 47 77 40
82 4 8 37 60 84 62 27 84 68
83 3 56 39 48 3 5 16
84 3 42 20 82 68 65 7
85 5 16 43 1 63 30 95 35 40 0 13
86 5 50 67 32 27 80 53 33 14 31 35
87 3 54 55 44 63 68 27
88 6 2 19 22 25 90 75 74 72 15 60 55 67
89 7 31 35 56 85 93 62 90 32 24 78 60 59 79 85
90 7 58 84 88 75 89 32 32 70 20 22 30 22 1 64
91 4 16 82 43 61 63 78 19 59
92 6 35 55 21 51 99 52 28 14 55 71 54 69
93 5 52 78 30 47 60 25 89 62 16 32
94 4 62 51 96 8 46 78 34 22
95 4 17 68 12 65 63 34 31 51
96 6 94 8 29 76 3 40 1 60 76 81 43 24
97 8 73 85 43 41 12 77 18 81 26 44 65 63 23 32 14 15
98 5 36 73 27 81 57 48 44 77 72 47
99 4 45 66 60 92 39 57 92 52
